>sample dim1.txt 10

     0
     0
     0
     0
     0
     0
     0
     0
     0
 -2247
 -2024
 -2616
 -1867
 -1585
 -1020
 -2562
 -1845
 -1626
 -2111
 -3025
 -1636
  -272
  -162
    25
   100
   261
  -684
  -379
   168
  1206
  1161
  -669
  -603
   483
   684
  1432
  1475
   978
   358
  -163
 -1447
    66
  -202
  -108
  -775
  -937
  -809
   441
  1865
  2065
  3492
  2303
  2311
  1344
  2228
  1472
  2085
  1665
  1451
  1421
   766
   398
  -242
   711
   693
  1443
  1885
  2394
  2056
  2276
  2783
  3382
  3885
  2518
  1895
  2923
  1430
  1114
   708
  -214
  -358
  -578
 -1511
  -782
   195
 -1330
  -724
  -289
   347
  1288
   596
   931
  2064
  1528
   181
  -189
   562
 -1147
 -2017
 -3312
 -3668
 -3595
 -4523
 -3629
 -3018
 -2508
 -3883
 -2698
 -2722
 -2555
 -3153
 -2523
 -3033
 -2845
 -2322
 -1391
   308
  -365
  1234
  1025

>sample dim1.txt 100

     0
     0
     0
     0
     0
     0
     0
     0
     0
     0
     0
     0
     0
     0
     0
     0
     0
     0
     0
     0
     0
     0
     0
     0
     0
     0
     0
     0
     0
     0
     0
     0
     0
     0
     0
     0
     0
     0
     0
     0
     0
     0
     0
     0
     0
     0
     0
     0
     0
     0
     0
     0
     0
     0
     0
     0
     0
     0
     0
     0
     0
     0
     0
     0
     0
     0
     0
     0
     0
     0
     0
     0
     0
     0
     0
     0
     0
     0
     0
     0
     0
     0
     0
     0
     0
     0
     0
     0
     0
     0
     0
     0
     0
     0
     0
     0
     0
     0
     0
   -70
   -33
   -65
   -85
    50
   116
     0
   -50
    45
    10
  -101
  -146
   -55
  -201
   -75
   -13
   117
   164
   171
   345
   303
