>sample dim1.txt 10

     0
     0
     0
     0
     0
     0
     0
     0
     0
 -2247
 -2780
 -3183
 -2637
 -3242
 -3540
 -4387
 -3896
 -4448
 -5232
 -5272
 -4416
 -3455
 -2799
 -3216
 -3440
 -4125
 -4580
 -4827
 -5063
 -4066
 -3255
 -4125
 -3402
 -2733
 -2755
 -2692
 -3104
 -3848
 -4704
 -4230
 -4702
 -4058
 -3605
 -2841
 -3530
 -3630
 -3914
 -3406
 -2839
 -2164
 -1209
 -1755
 -1294
 -1496
 -1302
 -2157
 -1829
 -1741
 -1387
  -743
  -443
 -1357
 -1537
  -785
  -609
  -714
    55
   653
   668
  1533
  2339
  2024
  2348
  1733
  1286
  2208
  1486
  1768
  1377
  1319
  1980
  1445
   836
   951
  1481
   878
   762
  1478
  1724
  2607
  2577
  2377
  2901
  2479
  1662
   688
  1324
   330
  -292
  -705
 -1091
 -1218
 -1621
 -1150
 -1355
 -1819
 -2558
 -2368
 -3015
 -3261
 -4244
 -3741
 -4654
 -3995
 -3678
 -3210
 -2250
 -2733
 -1781
 -2236
