-7555
1884
-2031
-8859
-8638
6954
-2258
-7713
-2994
8739
-5330
-4031
5456
-6044
-2984
-8469
4913
-5520
-7841
-407
8566
9604
6562
-4170
-2234
-6858
-4545
-2472
-2357
9966
8115
-8699
7224
6696
-228
629
-4120
-7437
-8562
4746
-4721
6435
4535
7641
-6896
-997
-2843
5080
5674
6747
9549
-5460
4615
-2023
1939
-8550
3280
886
3533
6447
2996
-9141
-1794
7520
1760
-1057
7704
5976
153
8651
8060
-3153
3242
-6150
-4472
9222
-7220
2815
-3906
-585
6619
-5350
-6092
1149
5301
-6036
-1157
7160
2463
8824
-299
-1998
5241
-4217
-8170
-9742
6359
-9940
-6231
-4125
-3860
-1274
-4031
4716
-2058
-4640
-7388
1903
-6472
-2455
-9839
5031
-9131
6592
3170
4679
9607
-4836
9525
-4548